1000
52 27 3
33 6 28
53 89 74
10 34 81
70 59 36
63 47 47
76 5 76
91 86 32
23 65 87
19 38 41
17 24 45
0 55 55
38 18 100
65 83 43
18 75 8
7 68 97
8 31 78
29 90 66
38 31 43
51 22 21
94 29 22
20 28 98
58 90 100
46 4 73
100 90 10
2 59 23
13 64 55
1 54 73
65 18 82
37 21 1
75 83 75
22 41 17
54 13 86
37 92 57
46 59 25
49 86 5
35 55 45
1 94 5
15 40 98
71 35 27
14 72 37
38 36 53
59 72 79
13 82 4
39 72 57
15 81 62
16 10 4
23 79 47
8 3 76
85 16 71
53 76 77
67 19 16
61 6 25
20 41 6
19 32 19
56 6 32
83 27 46
0 30 70
13 66 1
61 58 61
52 36 12
20 46 23
22 21 46
96 55 72
83 21 71
23 100 5
81 38 43
33 60 68
31 11 98
5 85 97
34 27 91
81 13 32
41 35 64
90 14 81
60 2 68
20 60 75
33 12 86
79 40 83
61 56 2
41 62 75
28 2 36
82 87 30
78 56 13
15 12 1
25 65 34
55 80 45
93 40 71
57 53 73
76 84 67
29 94 95
50 22 62
66 20 11
61 11 30
30 9 85
69 26 21
10 22 75
4 62 87
34 26 6
82 47 46
84 90 1
62 44 84
23 58 58
4 45 66
84 53 47
39 43 22
90 16 86
80 22 42
65 48 46
51 39 32
89 21 73
45 19 56
3 96 47
94 13 95
99 70 27
36 22 35
100 31 47
57 64 92
22 4 96
98 31 67
83 62 4
86 14 22
53 28 74
60 57 42
73 67 79
27 56 28
17 36 76
25 55 35
62 48 83
92 3 36
70 16 5
96 23 25
60 87 90
21 81 30
91 77 4
74 27 60
21 28 21
17 26 74
64 76 28
70 72 24
59 96 91
75 55 81
92 7 98
14 84 31
52 29 5
4 64 27
10 33 21
75 97 59
48 19 14
4 47 5
28 58 46
19 77 96
52 60 75
56 91 37
46 13 17
16 54 82
14 10 10
33 17 14
84 69 3
66 16 67
0 33 60
25 47 39
0 89 69
7 38 80
76 10 62
16 66 96
28 74 83
56 43 8
77 89 85
37 56 98
15 19 12
56 82 23
91 22 82
95 62 96
59 46 2
100 18 7
17 52 13
31 10 68
19 15 33
91 2 82
53 97 9
85 71 33
54 86 32
3 89 85
14 98 61
55 65 61
44 27 57
85 70 9
94 24 53
17 55 29
6 37 12
34 29 29
54 70 59
32 43 54
57 10 21
41 97 68
89 84 47
64 88 26
20 60 5
71 75 75
89 42 1
55 71 19
24 66 29
2 35 88
20 46 39
4 87 25
18 69 54
97 10 17
72 53 57
19 87 86
79 26 26
52 22 97
51 65 58
33 58 9
17 63 22
23 60 91
98 39 27
98 85 38
17 32 44
77 91 2
33 55 85
100 91 18
8 47 90
10 72 100
100 91 42
55 4 97
91 59 33
77 28 9
89 80 24
57 92 78
11 69 57
45 94 28
55 12 25
60 86 100
72 68 30
4 78 15
89 74 71
81 40 43
38 20 36
28 46 55
43 9 84
53 5 47
56 92 59
76 78 55
82 24 95
32 96 39
66 26 38
32 81 7
50 78 61
27 69 53
21 84 62
17 81 100
62 46 8
13 69 20
12 55 55
41 54 55
8 87 8
10 36 76
36 41 40
8 44 91
99 10 38
35 22 38
47 39 84
50 96 59
16 15 64
61 85 22
61 88 67
78 92 39
91 41 56
60 83 20
56 80 4
73 79 96
73 81 29
38 6 39
88 40 84
97 88 98
79 48 79
23 7 39
41 32 82
61 63 52
74 24 4
93 37 34
96 10 58
90 77 46
68 76 65
13 63 44
21 53 4
52 44 12
99 60 89
29 35 24
12 25 45
14 30 25
20 11 46
59 89 41
19 7 99
12 100 82
51 7 31
28 75 45
97 87 65
77 83 58
69 25 52
68 31 60
99 99 99
7 55 85
48 62 3
37 65 24
51 57 31
47 88 38
16 58 27
5 92 68
76 58 19
67 56 15
60 34 72
8 34 45
63 39 40
80 94 17
95 23 15
48 64 69
25 25 97
70 88 73
36 12 28
59 98 12
91 63 31
86 75 33
52 68 11
64 25 83
22 45 39
95 85 81
82 93 96
41 97 37
2 98 62
12 8 16
43 44 59
0 10 42
22 2 57
94 30 1
79 6 30
31 3 8
49 34 10
31 8 81
47 71 80
45 54 78
34 59 57
75 71 84
100 61 33
82 77 39
33 34 86
27 23 72
1 97 39
63 38 11
84 95 42
68 88 23
13 64 42
28 53 36
54 28 31
33 35 34
2 21 41
4 64 60
1 28 70
10 67 92
16 35 59
73 7 6
6 53 79
100 76 79
29 21 89
46 83 61
93 8 68
20 73 91
95 24 55
28 12 87
49 37 81
89 48 41
98 57 37
65 42 19
48 86 21
38 55 3
5 100 52
21 61 42
98 13 29
64 16 62
79 29 41
32 27 27
41 88 72
19 77 72
32 68 96
24 81 77
18 56 55
21 57 20
76 85 40
18 57 73
0 54 4
23 8 13
51 36 99
8 78 93
12 33 57
29 81 85
16 43 68
17 2 33
31 57 62
51 37 95
13 15 75
2 86 38
67 58 20
16 97 9
25 43 87
60 5 38
48 39 20
25 76 48
85 96 27
2 32 95
67 5 11
75 69 6
75 9 23
25 18 17
20 62 88
25 60 20
67 14 93
69 18 21
99 62 71
46 65 73
19 8 1
31 46 91
93 26 48
100 28 10
2 96 76
91 10 23
47 12 95
85 93 63
14 19 22
92 33 47
49 42 78
65 77 89
38 27 52
15 70 53
59 75 48
4 80 61
82 56 91
78 71 68
83 98 82
41 48 10
63 93 100
65 46 89
64 81 11
38 2 57
74 9 58
2 42 20
14 36 81
91 5 25
85 12 5
0 71 40
87 47 83
82 42 37
31 43 35
67 54 42
99 35 58
13 55 55
36 4 21
25 40 82
2 64 93
16 46 80
20 71 63
80 2 41
58 36 22
24 84 57
32 94 82
94 20 21
42 7 15
7 84 93
16 48 34
12 72 83
62 24 38
39 85 37
77 88 1
29 36 86
40 29 7
42 93 63
35 87 31
79 6 20
100 23 20
99 58 92
86 82 81
81 64 71
37 43 86
43 47 33
72 40 83
35 45 55
4 79 33
33 70 76
65 34 26
6 90 7
47 8 15
57 14 13
68 13 87
78 3 72
31 15 100
81 16 88
72 83 63
8 61 41
72 9 77
38 8 35
24 64 84
33 56 65
75 18 61
12 71 89
64 85 30
35 8 16
67 83 21
10 33 33
55 3 20
13 78 5
27 81 7
100 87 47
6 12 13
1 95 53
39 12 84
44 33 42
1 12 64
26 4 85
85 85 71
63 74 95
70 25 2
54 84 77
28 95 81
61 34 14
51 32 31
3 83 27
53 100 79
34 16 89
58 63 62
70 35 42
81 45 30
94 30 5
99 61 22
73 93 3
66 75 25
75 33 74
32 74 85
55 99 81
33 84 61
9 3 8
25 69 7
6 27 73
2 36 39
95 85 18
26 7 46
68 94 26
79 12 10
30 94 18
48 46 58
75 93 5
86 7 52
54 36 40
53 92 12
26 57 61
85 13 84
18 82 44
63 53 74
65 77 76
76 41 73
42 33 8
98 55 70
10 38 38
54 84 33
47 85 3
62 57 13
64 15 25
75 2 67
99 26 64
11 32 65
4 95 82
35 62 33
54 8 62
67 3 26
75 52 73
80 74 70
43 72 63
81 88 84
58 86 97
93 62 88
20 94 40
44 65 58
10 37 85
61 95 87
6 33 77
65 69 32
61 12 61
83 25 47
91 48 60
91 96 80
17 37 79
42 65 78
0 39 48
0 20 21
35 16 42
57 41 42
13 15 91
54 18 72
79 8 72
89 41 20
29 2 60
7 95 21
70 35 40
79 94 60
73 94 6
53 48 15
92 67 54
45 3 87
55 58 79
51 16 83
37 87 64
59 43 87
60 98 27
28 89 30
67 43 20
66 43 12
7 52 33
42 4 54
84 1 80
48 48 69
30 64 56
85 67 94
82 97 70
7 34 65
59 22 76
57 38 52
83 45 78
22 34 52
75 23 60
60 4 61
75 63 74
89 11 13
72 45 65
83 88 33
44 68 69
42 58 87
32 67 10
73 43 35
80 25 64
12 39 71
46 74 16
79 13 6
3 98 22
8 88 1
28 81 52
97 69 86
44 5 97
23 7 57
5 42 25
87 28 17
88 7 40
37 26 33
3 22 39
39 5 38
21 60 67
45 4 63
100 1 1
59 78 24
2 77 57
56 48 75
54 6 54
46 100 56
53 85 73
100 84 72
52 56 84
54 73 68
61 53 3
55 82 21
65 91 93
98 29 77
10 9 17
16 93 89
17 78 67
74 98 45
43 41 16
48 69 67
44 26 6
23 66 83
51 61 55
52 33 14
94 30 67
8 64 34
72 69 8
68 63 40
59 30 95
32 98 7
21 26 87
60 81 24
82 65 54
43 58 83
97 24 78
92 4 28
5 74 9
14 81 78
42 67 86
55 94 27
5 97 10
87 37 94
43 97 35
72 84 72
100 17 30
12 72 15
25 85 66
41 26 27
14 33 90
14 12 58
19 90 69
27 63 72
56 61 7
55 94 1
66 96 69
89 86 90
28 95 98
16 96 54
20 18 1
2 100 54
61 89 91
43 82 18
77 61 9
13 9 61
54 69 77
86 33 83
34 29 37
76 21 60
21 99 3
21 6 39
52 10 20
47 68 48
38 92 85
6 10 20
9 67 78
27 5 38
90 69 60
19 25 7
76 77 73
34 10 100
22 88 73
12 3 26
27 97 67
93 92 92
26 54 1
45 39 23
9 10 84
100 74 54
95 21 59
4 38 5
1 87 71
54 7 5
4 17 11
87 78 17
94 29 61
13 46 10
15 14 85
19 61 77
66 89 30
83 77 98
43 19 26
13 68 39
35 43 32
92 100 81
15 72 4
11 72 92
95 92 84
84 79 64
55 47 53
28 37 95
0 57 27
48 55 54
100 26 16
45 70 62
84 90 42
21 94 36
57 76 70
97 76 47
35 64 17
93 73 82
7 29 86
49 97 30
58 91 89
7 13 7
59 30 79
49 18 95
93 94 28
88 45 37
19 95 1
8 92 17
12 7 78
19 67 40
20 2 14
34 99 40
87 21 91
52 58 41
17 89 70
77 97 48
54 72 3
79 70 92
10 55 27
15 74 4
52 69 42
53 48 96
5 66 37
70 67 75
85 74 65
48 16 37
56 65 95
73 94 45
70 57 74
83 15 78
64 20 30
2 57 53
45 39 5
41 9 44
30 15 68
55 82 52
78 21 43
68 55 29
63 75 34
14 65 87
27 61 19
29 72 80
90 22 23
44 60 67
29 42 62
57 75 37
32 14 83
34 78 66
0 92 67
97 58 73
78 13 34
21 1 14
31 90 6
69 11 77
91 9 77
39 68 98
34 85 73
91 83 54
82 98 10
8 2 87
23 1 19
55 68 37
79 4 33
23 5 33
50 27 13
100 35 40
31 20 6
10 87 38
45 83 96
98 22 42
47 92 81
21 88 44
88 5 55
80 33 25
58 20 9
93 6 84
20 14 88
71 28 11
44 95 98
37 87 8
43 24 79
82 86 16
7 56 41
49 2 81
96 33 27
6 74 32
8 67 44
2 48 25
93 61 47
97 40 45
14 59 83
73 81 87
86 25 64
47 66 68
45 58 33
52 96 17
30 44 90
98 6 75
76 9 32
17 17 24
90 48 65
9 72 95
23 24 41
1 45 6
76 7 28
22 61 99
51 26 61
10 22 55
5 36 8
0 15 62
89 37 94
56 44 57
68 23 60
87 20 40
39 42 75
77 21 90
24 89 95
45 12 15
53 52 65
28 88 81
13 28 46
5 77 17
45 58 69
32 77 66
30 29 57
33 39 73
22 14 70
57 61 15
49 32 95
17 53 33
16 88 96
37 13 100
73 32 97
31 32 20
10 32 14
94 7 87
88 58 41
30 86 56
11 99 88
22 54 16
45 38 11
55 2 71
5 95 26
98 28 93
36 17 39
62 18 5
63 4 15
54 31 99
50 42 68
87 37 36
16 86 46
79 100 64
100 33 89
29 37 5
33 61 4
20 98 70
35 72 76
33 24 78
91 25 16
46 38 10
34 9 32
55 94 47
15 90 92
40 76 92
63 73 6
96 80 66
82 94 57
46 26 68
83 83 38
46 13 67
13 99 9
34 92 69
82 89 7
22 75 38
59 83 100
38 96 19
66 30 100
42 8 52
91 77 63
24 29 11
55 55 17
69 44 38
90 76 61
7 62 58
5 19 45
50 36 93
10 86 69
81 8 37
0 27 62
18 75 3
90 69 64
90 58 66
23 76 96
30 64 33
98 85 64
24 26 19
0 42 24
98 42 24
40 32 40
62 86 17
1 69 27
57 28 81
77 76 20
100 27 67
17 46 54
17 31 57
38 86 11
67 68 52
50 95 41
30 74 67
40 9 35
4 25 17
25 54 15
23 36 86
16 81 80
39 39 55
75 79 54
57 85 91
34 68 35
82 28 71
100 98 41
37 29 63
40 58 61
38 100 15
