24 16 79
27 10 361
27 29 399
26 15 120
5 6 897
11 27 274
26 7 187
7 25 293
11 17 586
16 5 24
12 20 250
10 4 615
4 30 930
9 25 587
1 27 261
28 3 640
18 26 352
6 29 560
25 5 783
19 13 318
9 25 405
15 22 427
18 11 827
29 18 927
1 11 650
24 7 549
1 7 165
6 18 750
21 14 765
10 16 369
30 2 732
18 1 548
22 9 884
24 23 318
13 26 412
23 21 248
5 29 142
16 8 783
19 16 394
13 9 938
15 3 530
20 22 22
30 5 340
29 27 634
1 2 397
30 15 911
30 10 941
12 24 622
26 19 389
10 16 672
21 2 546
23 27 680
27 2 566
28 26 828
2 12 647
16 13 82
23 2 194
15 23 723
24 13 541
14 12 403
4 20 538
29 13 859
12 7 166
28 7 585
8 29 892
27 28 645
1 9 873
12 2 319
10 27 212
10 29 469
20 15 215
16 24 570
5 29 270
27 28 620
7 18 441
17 28 5
23 14 471
10 25 386
7 12 479
21 25 9
13 14 582
15 12 665
17 27 187
27 20 446
24 20 504
21 9 776
13 27 189
5 13 537
22 19 960
23 11 547
12 10 379
22 14 676
2 29 852
16 2 457
21 16 467
18 3 460
2 16 97
9 14 96
13 5 848
4 29 125
4 18 762
21 17 712
27 16 519
2 7 388
8 17 325
25 13 82
5 9 596
9 13 534
4 6 335
24 9 655
5 17 664
10 2 532
21 28 25
23 11 186
29 1 878
26 2 43
12 7 12
23 5 404
7 8 443
16 4 480
9 4 995
15 1 921
29 17 281
22 10 747
30 16 877
23 22 153
12 19 782
19 18 122
14 2 403
5 17 938
25 14 575
18 27 598
17 9 708
8 15 265
